{
  "gold": 3.4205550378169875e+102,
  "elixir": 2883169390.2135468,
  "elixirFromQuests": 111666406215024.4,
}
